time,x,y,z,phi,theta,psi,x_velocity,y_velocity,z_velocity,phi_velocity,theta_velocity,psi_velocity,rotor_speed1,rotor_speed2,rotor_speed3,rotor_speed4
0.06,-1.18852672582e-07,-8.8315194162e-08,10.0056899839,6.28304695192,0.000116720916067,0.0,-1.09888445139e-05,-1.0397304722e-05,0.189652965753,-0.00737087037992,0.00557713521135,0.0,465.0003407126491,465.4369144288854,464.021838086752,463.4430002707844
0.12000000000000001,-4.43153989881e-06,-5.41658525254e-06,10.0203488984,6.28238179252,0.000281768744608,0.0,-0.000159320636987,-0.000223121416569,0.298954518386,-0.0198044126799,-0.00360487634934,0.0,439.68810155451337,438.9268286316408,440.9910429677191,439.96309583941127
0.18,-1.95418705532e-05,-4.07021163019e-05,10.04201984,6.28081180609,6.28272543612,0.0,-0.000307032302423,-0.00109370495085,0.423371492745,-0.0436109682877,-0.0424367833061,0.0,446.59432789720165,443.4161579868588,445.3521474459606,443.40073953192837
0.23999999999999996,-1.46255672682e-05,-0.000177901798719,10.0749627734,6.27852324173,6.27973332012,0.0,0.000806218218738,-0.00378218519345,0.674610320141,-0.0289901073455,-0.0720161155036,0.0,484.5184309883863,482.28823634598683,481.5082752168888,482.61229504381015
0.3,0.00012904074597,-0.000515746483501,10.1201808918,6.27732135793,6.27534403873,0.0,0.00446372219747,-0.00763670495197,0.832554980339,-0.00637679223601,-0.0755336362173,0.0,455.34977777800674,455.0643127798066,454.7068688796842,456.5145501369982
0.36000000000000004,0.000594297829421,-0.00110896343225,10.1752130869,6.2768280831,6.27072203222,0.0,0.0115572205062,-0.0121852152221,1.00171316381,-0.0121920464657,-0.0802137300353,0.0,458.726292359155,458.3500339808462,459.8005675413693,459.3398137682291
0.4200000000000001,0.00157381870969,-0.00197858584563,10.2390721386,6.27653004536,6.26566449105,0.0,0.0216119782844,-0.0168527396999,1.12679881024,0.00655418722746,-0.0940354911824,0.0,446.9597770037219,445.8261363847258,444.5121865139406,446.0456408227603
0.48000000000000015,0.00329217578041,-0.00313927121266,10.3117361944,6.27653904997,6.25957838461,0.0,0.0363127125619,-0.0218076036393,1.29514795414,-0.0174679115232,-0.123407212984,0.0,460.72876513269046,458.39182605864715,460.17518107766995,458.26991554432993
0.5400000000000001,0.00610072066095,-0.00462030769572,10.397074077,6.27579353024,6.25322461016,0.0,0.0581398518773,-0.0276680161972,1.54911606567,-0.00387911202584,-0.083902673892,0.0,483.70050865631225,486.65642126907034,484.3314268911104,485.3523830715017
0.6000000000000002,0.0102889652989,-0.00644839925647,10.4950173694,6.27591611388,6.24839915279,0.0,0.0820112583373,-0.0332703858464,1.71540713408,0.011831321523,-0.074248270544,0.0,460.39085035920436,461.14902103256276,458.40283049878224,459.64942930637767
0.6600000000000003,0.0160851622298,-0.00862010888539,10.6048565762,6.27653794166,6.24375932346,0.0,0.111732475091,-0.0390363035834,1.94551603734,0.00725413912762,-0.0843395395281,0.0,478.39556190258037,477.6222817691907,480.85139533930356,480.5044229097782
0.7200000000000003,0.0239835151485,-0.0111566901237,10.7335082416,6.27675130137,6.2387516932,0.0,0.15225049531,-0.0454623090816,2.34211543993,-0.00511611380681,-0.0817590267518,0.0,526.2043432656577,526.3784376171843,526.6177034642709,525.7613502896648
0.7800000000000004,0.0341095031956,-0.0140262157083,10.8782225508,6.27649891682,6.23398510548,0.0,0.185789602027,-0.0502165914174,2.481375147,-0.00244629841648,-0.075175251892,0.0,453.830347523708,454.35353760179413,455.09359988339236,455.3073197310986
0.8400000000000004,0.0465490054833,-0.0172127597979,11.0352773976,6.27623876467,6.23018473076,0.0,0.229349565446,-0.0560227907521,2.75314100618,-0.00841181469542,-0.0465201319903,0.0,492.55021477115883,494.66203180947457,495.1265374512564,494.6875535986249
0.9000000000000005,0.0616528370007,-0.0207507668041,11.207881695,6.2754028405,6.22741084679,0.0,0.274421442816,-0.0619851161727,2.99969654184,-0.0282525957751,-0.0456602756135,0.0,488.00279950312796,488.06592481734515,489.456257139532,487.97753842719516
0.9600000000000005,0.0794953959577,-0.0246669845306,11.3946573184,6.274307488,6.22450703206,0.0,0.320634043098,-0.0687123809717,3.22551983206,-0.00340766397663,-0.0545227340337,0.0,483.2080488654017,482.5382340997504,483.5898512886657,485.45772278419275
1.0200000000000005,0.100292058325,-0.0290243342964,11.5968266192,6.27398978244,6.22203778978,0.0,0.37289757412,-0.07655838666,3.51258831166,-0.0093660131938,-0.022805807484,0.0,501.3146770471645,503.61313193222657,502.39399872893773,501.9618874448348
1.0800000000000005,0.124180700999,-0.0338463833797,11.8146109718,6.27412389403,6.22171054199,0.0,0.42343005525,-0.0841877231737,3.746138748,0.0188188211474,0.0164243967131,0.0,487.70629015021774,490.62774937342664,487.59233218903813,489.6934785946325
1.1400000000000006,0.150786028391,-0.0390708995682,12.0412981279,6.27543297557,6.22217899918,0.0,0.463315912413,-0.0898427963819,3.80988792113,0.0272267610088,-0.0212626935018,0.0,440.9719046633283,437.8474591836728,438.72345077743614,439.42106198897903
1.2000000000000006,0.179711101307,-0.0445985963166,12.2706333106,6.27719964094,6.2206624431,0.0,0.500970082498,-0.0942585738272,3.83452061658,0.0335462297051,-0.0348365779649,0.0,427.68973807741185,426.53181284943577,426.7803395464004,427.31972001317956
1.2600000000000007,0.210993761184,-0.0503636545365,12.502529206,6.27925839558,6.21851686366,0.0,0.541972153903,-0.0977133253948,3.89511561441,0.035802527969,-0.0376724037144,0.0,438.8722077806677,438.6361669076522,438.999566341254,439.18726288384
1.3200000000000007,0.245146468801,-0.0563153481769,12.7437073313,6.28150015251,6.21588298564,0.0,0.596688055251,-0.100401662927,4.14325511372,0.0403125892896,-0.060802918567,0.0,496.23728190454034,494.5353636290038,495.62483454114744,495.9567101998401
1.3800000000000008,0.282235177968,-0.0623629893837,12.9936155088,0.00104130133735,6.21218272984,0.0,0.639931236097,-0.100944242198,4.18682097347,0.0541086859499,-0.0634652046762,0.0,435.4932511223392,435.2676706791409,435.8732690961222,437.0260350132264
1.4400000000000008,0.322233303569,-0.0683834470116,13.2495549653,0.00400024518452,6.20907045344,0.0,0.693667143342,-0.0993942215685,4.34386406591,0.037409772905,-0.0353008767512,0.0,470.63056841570415,472.80381402567053,471.7021372140918,470.41203653353347
1.5000000000000009,0.365153508187,-0.0742703289028,13.5100234947,0.0063533986528,6.20660179555,0.0,0.737196522213,-0.0966367690742,4.33841119889,0.0426117272047,-0.0566116197611,0.0,423.3413027332882,421.5022792461979,420.7180752360857,421.1691429711745
1.560000000000001,0.410783951106,-0.079945243744,13.7708353613,0.00867963862734,6.20286552725,0.0,0.784123665983,-0.0923079471933,4.35520929122,0.0297018169492,-0.0770724065589,0.0,430.4664707885905,428.72823855883615,429.0593953099089,427.96261697967213
1.620000000000001,0.45947581174,-0.0853013671497,14.034801576,0.0105184656673,6.1977337148,0.0,0.83938176017,-0.0860518324148,4.44325957807,0.0324733758407,-0.113466651166,0.0,453.67387983954643,450.7353081038499,451.6767779752968,451.9005601667779
1.680000000000001,0.511149045764,-0.0903001155553,14.2989170568,0.0121741509202,6.19149938326,0.0,0.88356664334,-0.080433445959,4.36084033513,0.0154140731316,-0.0895597322603,0.0,394.70337817798384,396.8926507036799,397.9908590254473,396.4264633634636
1.740000000000001,0.566093204207,-0.0948692365633,14.5637809248,0.0128001555293,6.1863883198,0.0,0.94839622441,-0.0717940718312,4.46745821666,-0.00207772819144,-0.0776258366973,0.0,457.33523341185503,458.2790773795828,459.0910448367057,457.70081037170655
1.8000000000000012,0.624990651719,-0.0989145483435,14.8346327051,0.0136999838226,6.18124391174,0.0,1.01529000166,-0.0630034946538,4.56048170539,0.0366488818991,-0.111534726961,0.0,455.8101661599017,453.08538575482345,453.8859838069515,456.9837424757957
1.8600000000000012,0.687629890726,-0.102459002505,15.1073501954,0.0154288136303,6.17459653305,0.0,1.07323846282,-0.0549751392934,4.53012538045,0.00457279864893,-0.109340902357,0.0,415.82684918740813,416.00722610179463,417.69433085087024,414.8874592195275
1.9200000000000013,0.754231964957,-0.105446200227,15.3816478999,0.0153055567255,6.16790409616,0.0,1.14743904118,-0.0445919628788,4.6126777589,-0.0205825361319,-0.116344596614,0.0,452.66620857247807,452.0913670262953,453.9426115775244,451.91931803776856
1.9800000000000013,0.825318231021,-0.107831442524,15.6600186155,0.0143383211861,6.16180491487,0.0,1.2226745544,-0.0350241612996,4.66600502081,-0.00842820387898,-0.0820755247002,0.0,442.7805561313355,445.581554595681,444.19648981414156,445.19229930324786
2.0400000000000014,0.900908227456,-0.109672530284,15.9406035259,0.0141612682374,6.15696812598,0.0,1.29740279516,-0.0263769420712,4.6866357598,0.00621699012824,-0.0778396856427,0.0,434.42701367696094,434.7766865541849,434.10644008531386,435.33382976186243
2.1000000000000014,0.981566067087,-0.110939679019,16.2263219511,0.0147132737227,6.15204511521,0.0,1.39161129395,-0.0158207557728,4.83655181491,0.0145831272919,-0.0921783813574,0.0,474.89282418827594,473.7864727285678,475.6758366701127,476.31602407669493
2.1600000000000015,1.06732278007,-0.111633520109,16.5160311305,0.0150879245305,6.1463618191,0.0,1.46740701587,-0.00724599135044,4.8203661029,-0.020965317419,-0.100362021389,0.0,425.29806094491227,424.5883283342376,425.8662157208645,422.81413799514934
2.2200000000000015,1.15800196002,-0.111783741134,16.8067653426,0.0138021770697,6.14052962704,0.0,1.5557358457,0.00211340326677,4.87041122414,-0.0223731643743,-0.0915388545286,0.0,445.01951553845157,445.7331439430841,447.23552555574054,447.1208288255134
2.2800000000000016,1.25408363617,-0.111397864217,17.1004608196,0.0123683470908,6.13490726015,0.0,1.64744976878,0.010613788314,4.9190757781,-0.0271336423939,-0.0984333385855,0.0,447.1682537127625,446.5987770708464,446.53040808208453,446.1417688577827
2.3400000000000016,1.35558347651,-0.11054521432,17.3958019487,0.0111822239208,6.12916682248,0.0,1.73635362791,0.017684574767,4.92544522373,-0.00806891782236,-0.0906623873075,0.0,433.1990405596644,433.84401453311597,433.2644129244317,434.86454894681674
2.4000000000000017,1.46333748454,-0.109227845926,17.6967802015,0.0106812009402,6.1239099583,0.0,1.85588851783,0.026160653797,5.10616173686,-0.00891935523953,-0.0821291241989,0.0,487.30497029878023,487.93685445895045,488.0454338768691,487.98207279589445
2.4600000000000017,1.57739115273,-0.107478346142,18.002477639,0.0103208834857,6.11847461426,0.0,1.94630053694,0.0321184506686,5.08370033214,-0.000735142736523,-0.118536715946,0.0,429.2026011341163,426.09285040614867,425.69028605159065,426.39026196728264
2.520000000000002,1.6974501986,-0.105346336574,18.3097198347,0.0100593879404,6.11079383875,0.0,2.05627375609,0.0389289219535,5.15713501363,-0.0128224455461,-0.164658102743,0.0,460.53513401108125,456.85581397986766,457.4177940181727,456.454125571025
2.580000000000002,1.82426682182,-0.102813640453,18.6213440105,0.0093668327658,6.10084731059,0.0,2.17181068217,0.045416432256,5.22968569789,-0.00909845290823,-0.168106094972,0.0,458.63168846073114,458.33236402667654,458.9912416555834,459.28686737250473
2.640000000000002,1.95768679627,-0.0999307648863,18.9344875141,0.00903722628636,6.09153977513,0.0,2.27629619495,0.0506415768577,5.20824036803,0.000886091881606,-0.137168072773,0.0,428.86783980669776,431.4636029741485,429.53719034353094,430.3833413258846
2.700000000000002,2.09788536178,-0.0967218411696,19.2481688099,0.00896927115227,6.08377273647,0.0,2.3976293822,0.0563178192806,5.24732187823,-0.00551135173296,-0.11731461313,0.0,449.0773015476275,450.6697051210816,450.5886755265736,450.07112764413785
2.760000000000002,2.24559788245,-0.093170725748,19.5646528478,0.00875217678475,6.07678553659,0.0,2.52666210921,0.0620218876609,5.30159154477,-7.78150946338e-05,-0.114785654788,0.0,455.85578455828903,456.04609365714384,455.63190455643746,456.06624187201976
2.820000000000002,2.40094047545,-0.0892905122136,19.8832392466,0.00885115431518,6.07006145317,0.0,2.65193615194,0.0673197081323,5.31758670663,0.00489841500628,-0.107126364584,0.0,445.0073859401303,445.6228751401089,444.2936073888923,444.70145583812376
2.880000000000002,2.56443150681,-0.0850683026886,20.2051548221,0.00944137058531,6.06324032623,0.0,2.79823607775,0.0734596662714,5.41213702443,0.0182324731744,-0.1319045614,0.0,470.5850955187553,468.65164078093227,470.50927880094775,471.54053152383517
2.940000000000002,2.73644156504,-0.0804801023526,20.5309635952,0.0103903920888,6.05584093797,0.0,2.93599892177,0.0795700241807,5.44762033243,0.0104863338267,-0.110127169503,0.0,452.9830996820212,454.71752840291066,453.7549875379872,453.1324936904943
3.000000000000002,2.91763758732,-0.0754727600628,20.862297708,0.0114824660884,6.04945247286,0.0,3.10428559942,0.0874266604514,5.5957050139,0.0303442185473,-0.10002508395,0.0,489.2699503672209,490.0127732689917,487.88688855335533,489.36745321045106
3.0600000000000023,3.10828372934,-0.070004166284,21.1992528949,0.0129510253625,6.04326108005,0.0,3.25098143176,0.0950097746916,5.63557366099,0.00891397556525,-0.11041298733,0.0,458.8944586956337,458.0599866576981,459.3806659629883,457.67790544726364
3.1200000000000023,3.30736462346,-0.0640827162003,21.5366536482,0.0135012227288,6.03653130657,0.0,3.38551106687,0.102414201684,5.61089082558,0.00967707065861,-0.115911301123,0.0,438.9805346199912,438.5125704793136,439.0993156306728,439.1625086905598
3.1800000000000024,3.51451847174,-0.0577132637011,21.8721556319,0.0140563905524,6.02955674285,0.0,3.52009980505,0.109944775522,5.5723371208,0.00839044576145,-0.116913320386,0.0,434.92164126493935,434.82527160725425,434.91275717763136,434.8048347466672
3.2400000000000024,3.72959835449,-0.0508969905128,22.2043621357,0.0142437033871,6.02240637866,0.0,3.64972426416,0.117292940548,5.50121092125,-0.0103393982756,-0.124119654835,0.0,423.56460633452485,422.9306443741343,426.08265138905045,424.47795729004974
3.3000000000000025,3.95356179093,-0.0435861093547,22.5360406564,0.0144984550136,6.01465940776,0.0,3.81620273606,0.126384057917,5.55398601115,0.0237393940085,-0.141660964654,0.0,465.7489899608813,464.3600533351131,463.26176135194095,465.9342523126562
3.3600000000000025,4.18716936411,-0.0357447609376,22.8691132479,0.0161226862289,6.00582130453,0.0,3.97129667589,0.135119285463,5.54795807262,0.0330149178105,-0.162020959874,0.0,449.0040977254652,447.32835313446077,446.88024677253566,447.6360233007557
3.4200000000000026,4.4287039091,-0.027436898207,23.1964819121,0.0186709269763,5.99577092731,0.0,4.08055399165,0.141957199664,5.36485093162,0.0567021069919,-0.181678532841,0.0,388.4841283394286,386.60407939686434,385.09189179618465,387.3278957401101
3.4800000000000026,4.6781088053,-0.0186072617119,23.5168875679,0.0222089934242,5.98481155629,0.0,4.23369399837,0.152634536667,5.3149877632,0.0631507119898,-0.18468366209,0.0,433.4278448005364,433.14188995805347,433.156491493495,433.7010994359503
3.5400000000000027,4.93794418654,-0.00899904464138,23.8377469272,0.0265708321018,5.97377910547,0.0,4.42821867731,0.168012850992,5.37923800297,0.0870300981718,-0.182304821168,0.0,470.93398556222235,471.0873229229968,470.5899616241068,472.4387440216108
3.6000000000000028,5.20935021665,0.00159505689726,24.1614770831,0.0319523863425,5.96312484593,0.0,4.61933311999,0.185585695897,5.41084174737,0.0945435660199,-0.169485534611,0.0,462.81170140219393,463.79065925468126,462.9284201927756,463.52572655222184
3.660000000000003,5.49223323986,0.0133271043102,24.4865532993,0.0374711044491,5.95308408114,0.0,4.81070221067,0.205954785057,5.42420726658,0.0862842864156,-0.163383179546,0.0,459.21663708600585,459.67475354267657,459.6457357798789,458.99736826932815
3.720000000000003,5.78697052637,0.0264016438188,24.8130035144,0.0426666587122,5.9435841712,0.0,5.01439494645,0.230303151128,5.45650144372,0.0872017140506,-0.149782575322,0.0,466.6292206009051,467.6673894301777,467.28309673436667,467.3604135309847
3.780000000000003,6.09231672032,0.0408159701825,25.1363854169,0.0481044679132,5.93494009679,0.0,5.16436278273,0.250540227944,5.32300581457,0.0967264748713,-0.134577394152,0.0,412.2012760603108,413.5218780809991,413.01566360975454,413.8626199786249
3.840000000000003,6.40725796033,0.0565878109319,25.4531244012,0.0543078214582,5.92691899372,0.0,5.33411722676,0.275626998313,5.23478411286,0.114169630438,-0.131959401978,0.0,428.5787033863205,428.78403863788196,428.55793620150246,430.04796435785335
3.900000000000003,6.73354910204,0.0741197446314,25.7674137574,0.0618055417283,5.91940841509,0.0,5.54254368208,0.309364630302,5.24073060077,0.140674732446,-0.114239033307,0.0,460.3642008042904,461.7507118970624,460.3053660996917,462.4117488869422
3.960000000000003,7.07183684084,0.0937124554997,26.080439363,0.0706849097568,5.91238830667,0.0,5.73397964371,0.344395863191,5.19300781476,0.159614331362,-0.123189228893,0.0,445.5247405228653,444.7798532581131,444.241068542981,445.81198302239113
4.020000000000002,7.42002337867,0.115243693643,26.3863099163,0.0805842045793,5.90473357673,0.0,5.87270779269,0.373922906005,5.00310318072,0.173998615942,-0.1382335382,0.0,395.4568740737436,394.0508769734604,394.5544229918965,395.91007490478773
4.080000000000001,7.77761427906,0.138876666917,26.6833195932,0.0909256723805,5.89650988439,0.0,6.04738698108,0.414574429873,4.89702233349,0.168861164828,-0.134817369952,0.0,424.62157599188373,424.89627617362214,425.653323755433,425.2432927339357
4.14,8.1464349231,0.165247033869,26.9755570918,0.100690590599,5.88805472566,0.0,6.24694315067,0.465182678449,4.84365160726,0.146303355295,-0.15732847068,0.0,445.45629214335275,443.592215575358,444.5755852907281,442.7478417710071
4.199999999999998,8.52628709239,0.194549700284,27.2620717566,0.109654331909,5.87856718393,0.0,6.41527203396,0.512162235046,4.70672947402,0.154950141009,-0.159767573666,0.0,416.2010111830804,415.9618298339789,415.077988917145,415.8589450148913
4.259999999999997,8.91863845483,0.227388054969,27.5456711872,0.119142947768,5.86997937593,0.0,6.66329767951,0.583184998646,4.74526842593,0.16386102831,-0.121860499095,0.0,474.4131848933628,477.29683989304397,477.0784829351552,477.7802822979916
4.319999999999996,9.32597823419,0.264662653255,27.8315150017,0.12909471854,5.86265159554,0.0,6.91469219438,0.660075980327,4.78159639786,0.16958790444,-0.122672986298,0.0,478.9074378592907,478.8333030179291,478.26235415923395,478.72253981114847
4.379999999999995,9.74596964982,0.306001245196,28.1139149257,0.139576349095,5.85529154031,0.0,7.08531448106,0.718559094951,4.6317213671,0.183320728092,-0.122656801842,0.0,416.62407519288627,416.61076747789116,416.6580092604625,417.8885832827487
4.439999999999993,10.1775639027,0.351393820141,28.3901458486,0.150904266533,5.84801430442,0.0,7.3012554788,0.795322788959,4.57526331494,0.19795441546,-0.118682437275,0.0,450.72410897726,451.0322240643028,449.9000839735886,451.1175681960649
4.499999999999992,10.6226889666,0.401739514019,28.6640268466,0.162803883391,5.84048567036,0.0,7.53623919498,0.883729533725,4.5530921326,0.19906058184,-0.144681940737,0.0,465.53822893974075,463.484723832227,463.7029471516108,463.82653358033303
4.559999999999991,11.0836638981,0.458165094625,28.9399795753,0.175717486877,5.83150649981,0.0,7.82946314272,0.998074726639,4.6432948455,0.23608905502,-0.162111951447,0.0,503.44261112738087,502.16109256119705,502.32627138603084,505.04323726269655
4.6199999999999894,11.5613218101,0.521330505119,29.219129661,0.189623387008,5.82221311368,0.0,8.09247792189,1.10843621637,4.66005067989,0.22131803237,-0.14338424419,0.0,484.2119675715714,485.59842647306857,483.8304524420652,482.76530314848463
4.679999999999988,12.0524553469,0.590432629886,29.4944333146,0.202866860093,5.81428437675,0.0,8.27884861833,1.19580108535,4.51638067197,0.219512688352,-0.115957242473,0.0,430.23613889301777,432.5356409325733,432.0107371639272,431.90822289591546
4.739999999999987,12.555234168,0.665117932652,29.7618773897,0.216270263154,5.80691252799,0.0,8.4804875915,1.29455727806,4.39788945411,0.230182563776,-0.142555379091,0.0,441.77837793990363,439.5646236934201,442.460605980434,443.38793145249974
4.799999999999986,13.0714405843,0.74645126984,30.0245715573,0.22974227372,5.79821913466,0.0,8.72631589006,1.41741106879,4.35724711026,0.209798602745,-0.150016913635,0.0,471.1992981655865,470.60355734324526,471.86824775527725,470.3380364113704
4.859999999999984,13.6028649798,0.835529763384,30.285444652,0.24179194833,5.78903240325,0.0,8.9876874579,1.55258627875,4.33692527592,0.169187119988,-0.160149801206,0.0,482.425244240613,481.63907760443493,481.74300791991635,478.69610108832626
4.919999999999983,14.1506495936,0.933160310597,30.546043191,0.252204698736,5.78000877206,0.0,9.27152673102,1.70223770775,4.34777682485,0.181074301096,-0.135830768755,0.0,493.6936405603288,495.46608011675113,495.58718262471865,496.48579515292244
4.979999999999982,14.7121343157,1.03838386581,30.8011944441,0.263497931066,5.77221211278,0.0,9.44479399565,1.80584324145,4.15708748012,0.199625567572,-0.120214766476,0.0,426.1987748890932,427.51549221624896,426.3636931541994,427.98190085052954
5.0399999999999805,15.2844640461,1.1501524368,31.0455921556,0.275494019999,5.7648908986,0.0,9.63288037049,1.9204433497,3.98911572227,0.200545226674,-0.12589641223,0.0,436.74843578259924,436.26033099074317,436.060852596464,436.1776717336919
